4.958571
4.960155
4.963498
4.961855
4.962800
4.971383
4.959792
4.954635
4.965612
4.949882
#	4.960818	1	50000
2.448149
2.419148
2.417422
2.419561
2.416616
2.416317
2.424396
2.415769
2.416500
2.423713
#	2.421759	2	50000
1.753320
1.755709
1.751740
1.759233
1.754852
1.758158
1.756921
1.758215
1.754008
1.758814
#	1.756097	3	50000
1.325440
1.328370
1.325545
1.328223
1.323531
1.326847
1.327378
1.329930
1.328443
1.327570
#	1.327128	4	50000
1.813210
1.785101
1.791145
1.803756
1.807847
1.818318
1.810625
1.797278
1.802295
1.788653
#	1.801823	5	50000
1.598578
1.624975
1.630006
1.598461
1.605072
1.612323
1.605347
1.665845
1.640527
1.631534
#	1.621267	6	50000
1.418716
1.399223
1.425715
1.391199
1.419300
1.409528
1.422010
1.420575
1.439842
1.413740
#	1.415985	7	50000
1.256568
1.253622
1.248069
1.251556
1.261832
1.272518
1.293900
1.264797
1.263452
1.264897
#	1.263121	8	50000
2.360718
2.367939
2.350769
2.337635
2.345642
2.338442
2.345192
2.348459
2.334657
2.356881
#	2.348633	9	50000
