0.008452
0.008481
0.008605
0.008439
0.008378
0.008371
0.008474
0.008256
0.008399
0.008386
#	0.008424	1	50000
0.010413
0.010341
0.010337
0.010377
0.010285
0.010312
0.010357
0.010340
0.010300
0.010353
#	0.010342	2	50000
0.009977
0.009708
0.009722
0.009759
0.009758
0.009723
0.009694
0.009716
0.009740
0.009728
#	0.009753	3	50000
0.009886
0.009854
0.009851
0.009886
0.009858
0.009814
0.009842
0.009787
0.009867
0.009875
#	0.009852	4	50000
0.009502
0.009384
0.009416
0.009401
0.009233
0.009229
0.009134
0.009181
0.009190
0.009218
#	0.009289	5	50000
0.009280
0.008898
0.009108
0.009352
0.009309
0.009302
0.009291
0.009311
0.009268
0.009347
#	0.009247	6	50000
0.011749
0.008909
0.008922
0.008872
0.009070
0.008896
0.008980
0.008971
0.009002
0.009006
#	0.009238	7	50000
0.009988
0.008876
0.008867
0.008861
0.008897
0.008830
0.008860
0.008852
0.008877
0.008864
#	0.008977	8	50000
0.008661
0.008596
0.008488
0.008584
0.008558
0.008503
0.008565
0.008580
0.008485
0.008592
#	0.008561	9	50000
0.017465
0.017285
0.017401
0.017394
0.017220
0.017139
0.017432
0.017357
0.017355
0.017132
#	0.017318	1	100000
0.019369
0.019309
0.019189
0.019314
0.019194
0.018910
0.018854
0.018820
0.018886
0.018760
#	0.019061	2	100000
0.020030
0.019867
0.020033
0.019954
0.019928
0.020016
0.019931
0.019934
0.019910
0.019989
#	0.019959	3	100000
0.020223
0.020338
0.020187
0.020165
0.020077
0.020148
0.020177
0.020189
0.020147
0.020089
#	0.020174	4	100000
0.017951
0.018362
0.018025
0.018412
0.017905
0.018240
0.018325
0.018354
0.018422
0.017762
#	0.018176	5	100000
0.018961
0.018765
0.018917
0.019068
0.018879
0.018603
0.018790
0.018815
0.019246
0.018966
#	0.018901	6	100000
0.019574
0.018218
0.018351
0.018249
0.018302
0.018369
0.018394
0.018361
0.018079
0.018217
#	0.018411	7	100000
0.020728
0.016092
0.016074
0.016091
0.016050
0.016081
0.016024
0.016086
0.016233
0.016074
#	0.016553	8	100000
0.018871
0.018669
0.018706
0.018847
0.018816
0.018835
0.018776
0.018829
0.018813
0.018801
#	0.018796	9	100000