3.224497
3.223956
3.224398
3.225636
3.224514
3.224304
3.224794
3.224390
3.224297
3.226530
#	3.224732	1	50000
1.658613
1.657250
1.657284
1.662261
1.678688
1.657633
1.656652
1.657707
1.658139
1.657151
#	1.660138	2	50000
1.161404
1.166577
1.159902
1.165044
1.159790
1.159884
1.159892
1.159574
1.160749
1.160343
#	1.161316	3	50000
0.922341
0.920864
0.920668
0.921297
0.920300
0.919937
0.920690
0.920371
0.920492
0.920072
#	0.920703	4	50000
1.502098
1.493229
1.489481
1.484339
1.491676
1.488859
1.481040
1.470757
1.484926
1.443623
#	1.483003	5	50000
1.299423
1.294108
1.297972
1.270304
1.275445
1.266187
1.274152
1.257304
1.277422
1.271266
#	1.278358	6	50000
1.115701
1.123296
1.117811
1.121273
1.121836
1.100920
1.117893
1.121582
1.119890
1.116390
#	1.117659	7	50000
1.005018
0.982471
1.015294
1.013922
1.018565
0.996471
1.014597
1.019582
1.014952
1.014690
#	1.009556	8	50000
1.851715
1.862250
1.850160
1.861798
1.862127
1.844599
1.857560
1.862410
1.860340
1.854690
#	1.856765	9	50000
13.183993
12.974526
12.971703
12.866933
12.993086
13.004651
12.957537
12.949316
12.964742
12.961010
#	12.982750	1	100000
6.579012
6.565424
6.601794
6.611980
6.633876
6.582843
6.584300
6.627397
7.303421
7.726766
#	6.781681	2	100000
4.970229
4.620631
4.548250
4.561642
4.553764
4.557463
4.932772
4.742479
4.591176
4.666762
#	4.674517	3	100000
4.500673
3.551745
3.955407
3.554370
4.498247
4.097029
4.039558
3.573509
3.549848
3.549970
#	3.887036	4	100000
5.788838
5.782621
5.760424
5.675038
5.735658
5.721986
5.785986
5.748079
5.784555
5.779839
#	5.756302	5	100000
4.936008
5.005791
4.943672
4.908254
4.955716
4.931888
4.936736
4.903592
4.945618
4.919621
#	4.938690	6	100000
4.286339
4.300545
4.304971
4.298231
4.288947
4.237717
4.297544
4.297527
4.300660
4.280017
#	4.289250	7	100000
3.805983
4.065821
3.829596
3.830474
3.845507
3.785109
3.826239
3.835373
3.832897
3.833184
#	3.849018	8	100000
6.037025
6.036346
6.031503
6.052663
6.053308
6.015598
6.051565
6.052974
6.053813
6.044539
#	6.042933	9	100000